$ANSIBLE_VAULT;1.1;AES256
32613335636136636362653262326339616562343331323037326330363437366561643166393934
3734633566373363393138343339376639366431663165330a313863653930653666623861653138
36613737643632383339656138343337646264623134636233333038613065303737643833363366
6363663663353433350a663161366461316137393466666264323634383238613838663263366233
39346134616665666166663438616632393362313133313335663764353131636565343834343231
32333264316238656638643865363038666332313237333534643565316564613163336231303834
65623831623133616130653038363133663661353231646438633634643366323234633731633532
66393434623737396164376133336331646562343662616230333761373564306565653930323665
34326262346262666533333039623661636434366262643237376633623131613631666132323665
37336136313937313766333332336532376261383239333135396236373165336233346332383261
31643837636361376138383936323231393730396333373936366563323863656634616261626431
62613363366634666663653936663930656530313531663238333666663233313561633738663932
64386637386236333938333236646561386231636135656634373965656635383961636333363737
37663131393638366534353535313631393631356363313161396439663132313137363933336632
39326636303630396531303433623139653633303135316235613634616531366533663264373462
36353535366434306137383434336137643037663663336230306333626230363734656339323134
63373733613834613263623538613131303134396336383663666433663462323536336232363130
65363066666434343439363333306139353235386330343139373566326330643163616437626262
31653631663135623234386566393366336435366638306630376561343465373335383665663866
35343932363636623164663231646138623732306666636137323938633134353630326236353536
34623132616533306139333033613835653636653265353864623734663131313061326537336434
30393530326632616665363839363835326566623266366432393736616536323162616365643037
63623234666264356538313837653262636265346131343237633566363964373466306365646137
34613433363664366331376631613134376239383236643765346538393565373864646336376631
37626639616365613034333163333561626238386563356536353338393736333037
